	0	0.00	0.12	0.00	NaN	NaN
	1	0.00	0.12	0.00	NaN	NaN
	2	0.00	0.12	0.00	NaN	NaN
	3	0.00	0.12	0.00	NaN	NaN
	4	0.00	0.12	0.00	NaN	NaN
	5	0.00	0.12	0.00	NaN	NaN
	6	0.00	0.12	0.00	NaN	NaN
	7	0.00	0.12	0.00	NaN	NaN
	8	0.00	0.12	0.00	NaN	NaN
	9	0.00	0.12	0.00	NaN	NaN
	10	0.00	0.12	0.00	NaN	NaN
	11	0.00	0.12	0.00	NaN	NaN
	12	0.00	0.12	0.00	NaN	NaN
	13	0.00	0.12	0.00	NaN	NaN
	14	0.00	0.12	0.00	NaN	NaN
	15	0.00	0.12	0.00	NaN	NaN
	16	0.00	0.12	0.00	NaN	NaN
	17	0.00	0.12	0.00	NaN	NaN
	18	0.00	0.12	0.00	NaN	NaN
	19	0.00	0.12	0.00	NaN	NaN
	20	0.00	0.12	0.00	NaN	NaN
	21	0.00	0.12	0.00	NaN	NaN
	22	0.00	0.12	0.00	NaN	NaN
	23	0.00	0.12	0.00	NaN	NaN
	24	0.00	0.12	0.00	NaN	NaN
	25	0.00	0.12	0.00	NaN	NaN
	26	0.00	0.12	0.00	NaN	NaN
	27	0.00	0.12	0.00	NaN	NaN
	28	0.00	0.12	0.00	NaN	NaN
	29	0.00	0.12	0.00	NaN	NaN
	30	0.00	0.12	0.00	NaN	NaN
	31	0.00	0.12	0.00	NaN	NaN
	32	0.00	0.12	0.00	NaN	NaN
	33	0.00	0.12	0.00	NaN	NaN
	34	0.00	0.12	0.00	NaN	NaN
	35	0.00	0.12	0.00	NaN	NaN
	36	0.00	0.12	0.00	NaN	NaN
	37	0.00	0.12	0.00	NaN	NaN
	38	0.00	0.12	0.00	NaN	NaN
	39	0.00	0.12	0.00	NaN	NaN
	40	0.00	0.12	0.00	NaN	NaN
	41	0.00	0.12	0.00	NaN	NaN
	42	0.00	0.12	0.00	NaN	NaN
	43	0.00	0.12	0.00	NaN	NaN
	44	0.00	0.12	0.00	NaN	NaN
	45	0.00	0.12	0.00	NaN	NaN
	46	0.00	0.12	0.00	NaN	NaN
	47	0.00	0.12	0.00	NaN	NaN
	48	0.00	0.12	0.00	NaN	NaN
	49	0.00	0.12	0.00	NaN	NaN
	50	0.00	0.12	0.00	NaN	NaN
	51	0.00	0.12	0.00	NaN	NaN
	52	0.00	0.12	0.00	NaN	NaN
	53	0.00	0.12	0.00	NaN	NaN
	54	0.00	0.12	0.00	NaN	NaN
	55	0.00	0.12	0.00	NaN	NaN
	56	0.00	0.12	0.00	NaN	NaN
	57	0.00	0.12	0.00	NaN	NaN
	58	0.00	0.12	0.00	NaN	NaN
	59	0.00	0.12	0.00	NaN	NaN
	60	0.00	0.12	0.00	NaN	NaN
	61	0.00	0.12	0.00	NaN	NaN
	62	0.00	0.12	0.00	NaN	NaN
	63	0.00	0.12	0.00	NaN	NaN
	64	0.00	0.12	0.00	NaN	NaN
	65	0.00	0.12	0.00	NaN	NaN
	66	0.00	0.12	0.00	NaN	NaN
	67	0.00	0.12	0.00	NaN	NaN
	68	0.00	0.12	0.00	NaN	NaN
	69	0.00	0.12	0.00	NaN	NaN
	70	0.00	0.12	0.00	NaN	NaN
	71	0.00	0.12	0.00	NaN	NaN
	72	0.00	0.12	0.00	NaN	NaN
	73	0.00	0.12	0.00	NaN	NaN
	74	0.00	0.12	0.00	NaN	NaN
	75	0.00	0.12	0.00	NaN	NaN
	76	0.00	0.12	0.00	NaN	NaN
	77	0.00	0.12	0.00	NaN	NaN
	78	0.00	0.12	0.00	NaN	NaN
	79	0.00	0.12	0.00	NaN	NaN
	80	0.00	0.12	0.00	NaN	NaN
	81	0.00	0.12	0.00	NaN	NaN
	82	0.00	0.12	0.00	NaN	NaN
	83	0.00	0.12	0.00	NaN	NaN
	84	0.00	0.12	0.00	NaN	NaN
	85	0.00	0.12	0.00	NaN	NaN
	86	0.00	0.12	0.00	NaN	NaN
	87	0.00	0.12	0.00	NaN	NaN
	88	0.00	0.12	0.00	NaN	NaN
	89	0.00	0.12	0.00	NaN	NaN
	90	0.00	0.12	0.00	NaN	NaN
	91	0.00	0.12	0.00	NaN	NaN
	92	0.00	0.12	0.00	NaN	NaN
	93	0.00	0.12	0.00	NaN	NaN
	94	0.00	0.12	0.00	NaN	NaN
	95	0.00	0.12	0.00	NaN	NaN
	96	0.00	0.12	0.00	NaN	NaN
	97	0.00	0.12	0.00	NaN	NaN
	98	0.00	0.12	0.00	NaN	NaN
	99	0.00	0.12	0.00	NaN	NaN
	100	0.00	0.12	0.00	NaN	NaN
	101	0.00	0.12	0.00	NaN	NaN
	102	0.00	0.12	0.00	NaN	NaN
	103	0.00	0.12	0.00	NaN	NaN
	104	0.00	0.12	0.00	NaN	NaN
	105	0.00	0.12	0.00	NaN	NaN
	106	0.00	0.12	0.00	NaN	NaN
	107	0.00	0.12	0.00	NaN	NaN
	108	0.00	0.12	0.00	NaN	NaN
	109	0.00	0.12	0.00	NaN	NaN
	110	0.00	0.12	0.00	NaN	NaN
	111	0.00	0.12	0.00	NaN	NaN
	112	0.00	0.12	0.00	NaN	NaN
	113	0.00	0.12	0.00	NaN	NaN
	114	0.00	0.12	0.00	NaN	NaN
	115	0.00	0.12	0.00	NaN	NaN
	116	0.00	0.12	0.00	NaN	NaN
	117	0.00	0.12	0.00	NaN	NaN
	118	0.00	0.12	0.00	NaN	NaN
	119	0.00	0.12	0.00	NaN	NaN
	120	0.00	0.12	0.00	NaN	NaN
	121	0.00	0.12	0.00	NaN	NaN
	122	0.00	0.12	0.00	NaN	NaN
	123	0.00	0.12	0.00	NaN	NaN
	124	0.00	0.12	0.00	NaN	NaN
	125	0.00	0.12	0.00	NaN	NaN
	126	0.00	0.12	0.00	NaN	NaN
	127	0.00	0.12	0.00	NaN	NaN
	128	0.00	0.12	0.00	NaN	NaN
	129	0.00	0.12	0.00	NaN	NaN
	130	0.00	0.12	0.00	NaN	NaN
	131	0.00	0.12	0.00	NaN	NaN
	132	0.00	0.12	0.00	NaN	NaN
	133	0.00	0.12	0.00	NaN	NaN
	134	0.00	0.12	0.00	NaN	NaN
	135	0.00	0.12	0.00	NaN	NaN
	136	0.00	0.12	0.00	NaN	NaN
	137	0.00	0.12	0.00	NaN	NaN
	138	0.00	0.12	0.00	NaN	NaN
	139	0.00	0.12	0.00	NaN	NaN
	140	0.00	0.12	0.00	NaN	NaN
	141	0.00	0.12	0.00	NaN	NaN
	142	0.00	0.12	0.00	NaN	NaN
	143	0.00	0.12	0.00	NaN	NaN
	144	0.00	0.12	0.00	NaN	NaN
	145	0.00	0.12	0.00	NaN	NaN
	146	0.00	0.12	0.00	NaN	NaN
	147	0.00	0.12	0.00	NaN	NaN
	148	0.00	0.12	0.00	NaN	NaN
	149	0.00	0.12	0.00	NaN	NaN
	150	0.00	0.12	0.00	NaN	NaN
	151	0.00	0.12	0.00	NaN	NaN
	152	0.00	0.12	0.00	NaN	NaN
	153	0.00	0.12	0.00	NaN	NaN
	154	0.00	0.12	0.00	NaN	NaN
	155	0.00	0.12	0.00	NaN	NaN
	156	0.00	0.12	0.00	NaN	NaN
	157	0.00	0.12	0.00	NaN	NaN
	158	0.00	0.12	0.00	NaN	NaN
	159	0.00	0.12	0.00	NaN	NaN
	160	0.00	0.12	0.00	NaN	NaN
	161	0.00	0.12	0.00	NaN	NaN
	162	0.00	0.12	0.00	NaN	NaN
	163	0.00	0.12	0.00	NaN	NaN
	164	0.00	0.12	0.00	NaN	NaN
	165	0.00	0.12	0.00	NaN	NaN
	166	0.00	0.12	0.00	NaN	NaN
	167	0.00	0.12	0.00	NaN	NaN
	168	0.00	0.12	0.00	NaN	NaN
	169	0.00	0.12	0.00	NaN	NaN
	170	0.00	0.12	0.00	NaN	NaN
	171	0.00	0.12	0.00	NaN	NaN
	172	0.00	0.12	0.00	NaN	NaN
	173	0.00	0.12	0.00	NaN	NaN
	174	0.00	0.12	0.00	NaN	NaN
	175	0.00	0.12	0.00	NaN	NaN
	176	0.00	0.12	0.00	NaN	NaN
	177	0.00	0.12	0.00	NaN	NaN
	178	0.00	0.12	0.00	NaN	NaN
	179	0.00	0.12	0.00	NaN	NaN
	180	0.00	0.12	0.00	NaN	NaN
	181	0.00	0.12	0.00	NaN	NaN
	182	0.00	0.12	0.00	NaN	NaN
	183	0.00	0.12	0.00	NaN	NaN
	184	0.00	0.12	0.00	NaN	NaN
	185	0.00	0.12	0.00	NaN	NaN
	186	0.00	0.12	0.00	NaN	NaN
	187	0.00	0.12	0.00	NaN	NaN
	188	0.00	0.12	0.00	NaN	NaN
	189	0.00	0.12	0.00	NaN	NaN
	190	0.00	0.12	0.00	NaN	NaN
	191	0.00	0.12	0.00	NaN	NaN
	192	0.00	0.12	0.00	NaN	NaN
	193	0.00	0.12	0.00	NaN	NaN
	194	0.00	0.12	0.00	NaN	NaN
	195	0.00	0.12	0.00	NaN	NaN
	196	0.00	0.12	0.00	NaN	NaN
	197	0.00	0.12	0.00	NaN	NaN
	198	0.00	0.12	0.00	NaN	NaN
	199	0.00	0.12	0.00	NaN	NaN
	200	0.00	0.12	0.00	NaN	NaN
	201	0.00	0.12	0.00	NaN	NaN
	202	0.00	0.12	0.00	NaN	NaN
	203	0.00	0.12	0.00	NaN	NaN
	204	0.00	0.12	0.00	NaN	NaN
	205	0.00	0.12	0.00	NaN	NaN
	206	0.00	0.12	0.00	NaN	NaN
	207	0.00	0.12	0.00	NaN	NaN
	208	0.00	0.12	0.00	NaN	NaN
	209	0.00	0.12	0.00	NaN	NaN
	210	0.00	0.12	0.00	NaN	NaN
	211	0.00	0.12	0.00	NaN	NaN
	212	0.00	0.12	0.00	NaN	NaN
	213	0.00	0.12	0.00	NaN	NaN
	214	0.00	0.12	0.00	NaN	NaN
	215	0.00	0.12	0.00	NaN	NaN
	216	0.00	0.12	0.00	NaN	NaN
	217	0.00	0.12	0.00	NaN	NaN
	218	0.00	0.12	0.00	NaN	NaN
	219	0.00	0.12	0.00	NaN	NaN
	220	0.00	0.12	0.00	NaN	NaN
	221	0.00	0.12	0.00	NaN	NaN
	222	0.00	0.12	0.00	NaN	NaN
	223	0.00	0.12	0.00	NaN	NaN
	224	0.00	0.12	0.00	NaN	NaN
	225	0.00	0.12	0.00	NaN	NaN
	226	0.00	0.12	0.00	NaN	NaN
	227	0.00	0.12	0.00	NaN	NaN
	228	0.00	0.12	0.00	NaN	NaN
	229	0.00	0.12	0.00	NaN	NaN
	230	0.00	0.12	0.00	NaN	NaN
	231	0.00	0.12	0.00	NaN	NaN
	232	0.00	0.12	0.00	NaN	NaN
	233	0.00	0.12	0.00	NaN	NaN
	234	0.00	0.12	0.00	NaN	NaN
	235	0.00	0.12	0.00	NaN	NaN
	236	0.00	0.12	0.00	NaN	NaN
	237	0.00	0.12	0.00	NaN	NaN
	238	0.00	0.12	0.00	NaN	NaN
	239	0.00	0.12	0.00	NaN	NaN
	240	0.00	0.12	0.00	NaN	NaN
	241	0.00	0.12	0.00	NaN	NaN
	242	0.00	0.12	0.00	NaN	NaN
	243	0.00	0.12	0.00	NaN	NaN
	244	0.00	0.12	0.00	NaN	NaN
	245	0.00	0.12	0.00	NaN	NaN
	246	0.00	0.12	0.00	NaN	NaN
	247	0.00	0.12	0.00	NaN	NaN
	248	0.00	0.12	0.00	NaN	NaN
	249	0.00	0.12	0.00	NaN	NaN
	250	0.00	0.12	0.00	NaN	NaN
	251	0.00	0.12	0.00	NaN	NaN
	252	0.00	0.12	0.00	NaN	NaN
	253	0.00	0.12	0.00	NaN	NaN
	254	0.00	0.12	0.00	NaN	NaN
	255	0.00	0.12	0.00	NaN	NaN
	256	0.00	0.12	0.00	NaN	NaN
	257	0.00	0.12	0.00	NaN	NaN
	258	0.00	0.12	0.00	NaN	NaN
	259	0.00	0.12	0.00	NaN	NaN
	260	0.00	0.12	0.00	NaN	NaN
	261	0.00	0.12	0.00	NaN	NaN
	262	0.00	0.12	0.00	NaN	NaN
	263	0.00	0.12	0.00	NaN	NaN
	264	0.00	0.12	0.00	NaN	NaN
	265	0.00	0.12	0.00	NaN	NaN
	266	0.00	0.12	0.00	NaN	NaN
	267	0.00	0.12	0.00	NaN	NaN
	268	0.00	0.12	0.00	NaN	NaN
	269	0.00	0.12	0.00	NaN	NaN
	270	0.00	0.12	0.00	NaN	NaN
	271	0.00	0.12	0.00	NaN	NaN
	272	0.00	0.12	0.00	NaN	NaN
	273	0.00	0.12	0.00	NaN	NaN
	274	0.00	0.12	0.00	NaN	NaN
	275	0.00	0.12	0.00	NaN	NaN
	276	0.00	0.12	0.00	NaN	NaN
	277	0.00	0.12	0.00	NaN	NaN
	278	0.00	0.12	0.00	NaN	NaN
	279	0.00	0.12	0.00	NaN	NaN
	280	0.00	0.12	0.00	NaN	NaN
	281	0.00	0.12	0.00	NaN	NaN
	282	0.00	0.12	0.00	NaN	NaN
	283	0.00	0.12	0.00	NaN	NaN
	284	0.00	0.12	0.00	NaN	NaN
	285	0.00	0.12	0.00	NaN	NaN
	286	0.00	0.12	0.00	NaN	NaN
	287	0.00	0.12	0.00	NaN	NaN
	288	0.00	0.12	0.00	NaN	NaN
	289	0.00	0.12	0.00	NaN	NaN
	290	0.00	0.12	0.00	NaN	NaN
	291	0.00	0.12	0.00	NaN	NaN
	292	0.00	0.12	0.00	NaN	NaN
	293	0.00	0.12	0.00	NaN	NaN
	294	0.00	0.12	0.00	NaN	NaN
	295	0.00	0.12	0.00	NaN	NaN
	296	0.00	0.12	0.00	NaN	NaN
	297	0.00	0.12	0.00	NaN	NaN
	298	0.00	0.12	0.00	NaN	NaN
	299	0.00	0.12	0.00	NaN	NaN
	0	-0.49	-0.41	7.68	-1919744.3	123439.9
	1	-0.48	-0.40	8.41	-1972828.9	112690.5
	2	-0.50	-0.41	9.92	-1909710.7	95557.1
	3	-0.49	-0.40	8.22	-1925164.3	115271.9
	4	-0.49	-0.40	6.42	-1920020.4	147559.1
	5	-0.49	-0.40	8.17	-1929679.5	116068.6
	6	-0.50	-0.41	7.85	-1911628.9	120789.0
	7	-0.49	-0.41	7.11	-1916735.6	133287.0
	8	-0.55	-0.44	8.42	-1722084.8	112551.6
	9	-0.50	-0.41	9.81	-1910483.8	96618.8
	10	-0.49	-0.40	6.96	-1950938.2	136160.8
	11	-0.49	-0.40	9.97	-1938073.5	95062.7
	12	-0.49	-0.40	7.02	-1946164.9	135031.6
	13	-0.49	-0.40	9.58	-1945797.4	98994.8
	14	-0.49	-0.40	8.60	-1946300.7	110258.6
	15	-0.49	-0.40	8.90	-1922562.5	106515.7
	16	-0.50	-0.41	9.28	-1914874.6	102176.2
	17	-0.49	-0.40	8.68	-1928475.0	109269.7
	18	-0.49	-0.41	8.56	-1921545.6	110753.7
	19	-0.50	-0.41	9.28	-1909945.0	102163.6
	20	-0.49	-0.40	8.21	-1937071.7	115536.6
	21	-0.49	-0.40	6.41	-1940679.7	147814.0
	22	-0.50	-0.41	8.57	-1892349.2	110688.2
	23	-0.49	-0.40	8.14	-1926046.2	116412.5
	24	-0.56	-0.45	8.54	-1705362.0	111001.9
	25	-0.51	-0.41	9.67	-1870664.9	98025.5
	26	-0.49	-0.40	10.01	-1948552.6	94695.1
	27	-0.52	-0.43	9.81	-1814718.3	96671.0
	28	-0.50	-0.41	9.61	-1910052.7	98663.5
	29	-0.52	-0.42	9.46	-1836497.0	100238.2
	30	-0.49	-0.41	6.76	-1916914.8	140197.1
	31	-0.54	-0.44	9.65	-1758194.8	98204.1
	32	-0.48	-0.39	8.12	-1995752.3	116716.0
	33	-0.50	-0.41	7.85	-1905611.2	120780.1
	34	-0.50	-0.41	9.60	-1911539.1	98762.7
	35	-0.50	-0.41	9.62	-1913900.6	98542.6
	36	-0.49	-0.40	9.94	-1927663.4	95396.1
	37	-0.49	-0.41	9.93	-1920662.0	95483.0
	38	-0.49	-0.40	7.55	-1923549.3	125551.1
	39	-0.49	-0.40	8.47	-1930784.1	111979.2
	40	-0.57	-0.46	7.97	-1658841.5	119037.8
	41	-0.50	-0.41	6.77	-1907727.7	140092.2
	42	-0.50	-0.41	10.00	-1907297.9	94786.0
	43	-0.51	-0.41	9.62	-1874448.2	98583.3
	44	-0.51	-0.41	9.91	-1871802.4	95715.3
	45	-0.52	-0.42	9.42	-1825293.1	100647.4
	46	-0.49	-0.40	8.58	-1934167.4	110445.1
	47	-0.50	-0.41	8.80	-1904654.2	107770.5
	48	-0.49	-0.40	9.81	-1936767.7	96742.8
	49	-0.49	-0.40	7.96	-1939325.4	119202.4
	50	-0.49	-0.40	10.00	-1918973.2	94853.5
	51	-0.49	-0.40	7.80	-1946719.6	121612.7
	52	-0.51	-0.41	9.96	-1877983.5	95264.3
	53	-0.50	-0.41	8.79	-1904939.2	107866.6
	54	-0.48	-0.39	6.54	-1972052.7	144981.4
	55	-0.49	-0.40	7.52	-1949275.7	126171.6
	56	-0.49	-0.40	8.68	-1926040.7	109297.3
	57	-0.50	-0.41	7.74	-1914029.0	122534.8
	58	-0.50	-0.41	9.25	-1913685.3	102600.4
	59	-0.49	-0.41	9.12	-1922625.1	103999.7
	60	-0.50	-0.41	9.60	-1911017.6	98783.2
	61	-0.50	-0.41	7.45	-1908722.2	127374.5
	62	-0.50	-0.41	8.64	-1913461.4	109743.0
	63	-0.50	-0.41	10.03	-1903311.0	94585.1
	64	-0.52	-0.43	9.57	-1811912.6	99113.6
	65	-0.49	-0.41	9.82	-1916875.5	96616.8
	66	-0.49	-0.40	7.89	-1939416.6	120158.8
	67	-0.50	-0.41	9.63	-1907371.3	98468.7
	68	-0.49	-0.40	8.02	-1934283.8	118338.8
	69	-0.49	-0.40	6.55	-1949267.7	144837.6
	70	-0.50	-0.41	9.46	-1913469.2	100277.1
	71	-0.50	-0.41	9.15	-1905624.1	103648.0
	72	-0.50	-0.41	9.60	-1911614.5	98807.6
	73	-0.50	-0.41	7.43	-1913646.7	127752.3
	74	-0.51	-0.41	9.47	-1868495.8	100199.2
	75	-0.52	-0.43	8.29	-1809206.9	114473.0
	76	-0.50	-0.41	9.05	-1903975.7	104795.3
	77	-0.50	-0.41	9.22	-1905344.7	102874.5
	78	-0.49	-0.40	8.76	-1931511.2	108327.6
	79	-0.50	-0.41	10.05	-1906938.0	94361.4
	80	-0.50	-0.41	8.96	-1911537.5	105901.6
	81	-0.49	-0.41	6.75	-1917503.1	140471.8
	82	-0.50	-0.41	9.53	-1913040.8	99519.0
	83	-0.49	-0.41	8.96	-1917030.4	105830.8
	84	-0.50	-0.41	9.60	-1914948.5	98771.2
	85	-0.49	-0.41	7.46	-1918270.9	127201.4
	86	-0.51	-0.41	9.97	-1875711.1	95178.0
	87	-0.50	-0.41	9.73	-1915613.6	97528.7
	88	-0.48	-0.40	5.60	-1958746.0	169371.2
	89	-0.49	-0.40	6.94	-1920760.5	136645.3
	90	-0.50	-0.41	8.98	-1911274.6	105646.0
	91	-0.50	-0.41	8.03	-1910297.4	118185.2
	92	-0.50	-0.41	9.21	-1912102.6	103061.8
	93	-0.50	-0.41	9.93	-1888864.1	95544.3
	94	-0.50	-0.41	10.01	-1910401.2	94846.9
	95	-0.49	-0.41	7.43	-1918500.1	127689.9
	96	-0.50	-0.41	7.53	-1906908.0	126035.5
	97	-0.49	-0.40	8.19	-1945947.5	115899.7
	98	-0.50	-0.41	8.16	-1907272.0	116325.7
	99	-0.50	-0.41	8.17	-1914957.8	116212.8
	100	-0.50	-0.41	7.04	-1910443.6	134751.9
	101	-0.49	-0.40	9.99	-1933955.3	94993.1
	102	-0.50	-0.41	9.93	-1913699.0	95579.6
	103	-0.49	-0.40	5.73	-1920802.8	165632.4
	104	-0.50	-0.41	9.11	-1909782.3	104129.6
	105	-0.49	-0.41	7.00	-1917426.4	135593.9
	106	-0.49	-0.41	9.34	-1917403.1	101577.8
	107	-0.50	-0.41	8.03	-1916183.6	118250.1
	108	-0.50	-0.41	8.27	-1917085.5	114803.2
	109	-0.50	-0.41	9.16	-1909605.5	103657.8
	110	-0.50	-0.41	8.14	-1901535.7	116647.6
	111	-0.52	-0.43	9.27	-1810030.3	102346.6
	112	-0.52	-0.43	9.90	-1808743.5	95886.1
	113	-0.49	-0.41	9.21	-1917383.8	103042.7
	114	-0.50	-0.41	9.20	-1908952.5	103147.4
	115	-0.50	-0.41	8.77	-1905059.0	108194.1
	116	-0.50	-0.41	9.96	-1911390.1	95282.4
	117	-0.50	-0.41	6.85	-1909044.6	138519.7
	118	-0.49	-0.41	7.74	-1922039.9	122577.7
	119	-0.50	-0.41	10.02	-1908591.6	94677.6
	120	-0.49	-0.40	7.65	-1941004.2	123973.9
	121	-0.49	-0.41	10.07	-1918213.1	94232.0
	122	-0.50	-0.41	9.50	-1912850.3	99896.7
	123	-0.51	-0.41	8.55	-1869006.4	111024.7
	124	-0.52	-0.43	9.98	-1812542.6	95145.6
	125	-0.50	-0.41	10.07	-1910095.7	94343.0
	126	-0.50	-0.41	8.76	-1917443.9	108479.3
	127	-0.49	-0.41	7.04	-1919889.1	134888.1
	128	-0.49	-0.41	9.45	-1922554.5	100506.9
	129	-0.49	-0.41	6.53	-1920323.8	145459.6
	130	-0.49	-0.41	7.64	-1921380.2	124345.5
	131	-0.49	-0.40	9.89	-1923434.2	96027.6
	132	-0.51	-0.41	9.95	-1872122.6	95469.8
	133	-0.50	-0.40	8.35	-1918706.4	113780.9
	134	-0.50	-0.40	9.13	-1919074.6	103998.9
	135	-0.50	-0.41	9.21	-1908334.5	103191.4
	136	-0.50	-0.41	9.49	-1915310.0	100112.9
	137	-0.50	-0.41	8.91	-1911890.9	106662.9
	138	-0.51	-0.41	8.35	-1874231.6	113780.0
	139	-0.49	-0.40	9.19	-1930866.0	103333.9
	140	-0.52	-0.43	9.40	-1811146.5	101029.4
	141	-0.48	-0.39	7.44	-1962237.8	127765.3
	142	-0.49	-0.40	7.59	-1953465.8	125227.7
	143	-0.49	-0.40	9.55	-1931246.7	99439.2
	144	-0.49	-0.40	9.50	-1939416.0	100047.4
	145	-0.49	-0.40	8.81	-1928095.3	107805.3
	146	-0.50	-0.41	9.52	-1888708.0	99822.9
	147	-0.49	-0.40	9.59	-1932051.1	99157.1
	148	-0.49	-0.40	8.68	-1957057.4	109534.9
	149	-0.49	-0.40	8.66	-1933296.9	109760.8
	150	-0.49	-0.40	7.02	-1944465.9	135413.0
	151	-0.50	-0.41	10.09	-1892256.5	94233.5
	152	-0.49	-0.40	9.43	-1933139.6	100750.7
	153	-0.49	-0.40	8.22	-1925951.7	115687.7
	154	-0.49	-0.40	8.62	-1932200.4	110236.9
	155	-0.50	-0.41	10.03	-1888631.9	94810.2
	156	-0.49	-0.40	8.72	-1927705.6	108993.9
	157	-0.49	-0.40	9.12	-1932412.5	104243.1
	158	-0.50	-0.41	9.42	-1883374.0	100920.5
	159	-0.50	-0.40	8.23	-1919429.4	115507.1
	160	-0.49	-0.40	9.28	-1926585.6	102406.5
	161	-0.50	-0.41	9.90	-1916732.5	96042.7
	162	-0.49	-0.40	9.65	-1940029.4	98529.5
	163	-0.50	-0.41	9.83	-1915581.8	96738.2
	164	-0.50	-0.41	10.08	-1905810.1	94352.1
	165	-0.50	-0.41	7.82	-1905267.8	121580.5
	166	-0.53	-0.43	9.43	-1810975.7	100809.4
	167	-0.50	-0.41	9.30	-1912437.8	102279.9
	168	-0.54	-0.44	9.67	-1758121.5	98278.9
	169	-0.51	-0.42	9.60	-1867953.6	99070.5
	170	-0.51	-0.42	9.39	-1864170.4	101250.3
	171	-0.50	-0.41	8.67	-1913962.3	109629.1
	172	-0.50	-0.41	8.78	-1910155.7	108336.4
	173	-0.50	-0.41	9.69	-1921851.0	98126.8
	174	-0.50	-0.41	10.04	-1910492.3	94767.5
	175	-0.49	-0.40	9.45	-1944894.9	100628.9
	176	-0.50	-0.41	9.67	-1920458.2	98366.8
	177	-0.49	-0.40	8.39	-1926057.2	113436.1
	178	-0.51	-0.41	8.98	-1872301.5	105996.7
	179	-0.50	-0.41	9.91	-1913097.2	96031.0
	180	-0.52	-0.42	9.59	-1833884.3	99197.5
	181	-0.49	-0.40	7.91	-1939893.8	120279.8
	182	-0.52	-0.43	10.07	-1817161.1	94453.2
	183	-0.56	-0.45	7.64	-1709467.4	124456.1
	184	-0.50	-0.41	7.06	-1916492.6	134741.4
	185	-0.49	-0.40	9.40	-1925792.0	101215.7
	186	-0.49	-0.40	8.81	-1929577.0	108001.7
	187	-0.50	-0.41	9.35	-1908453.3	101737.1
	188	-0.49	-0.40	9.89	-1923210.8	96143.5
	189	-0.49	-0.40	6.87	-1945531.3	138484.8
	190	-0.50	-0.41	9.01	-1906934.6	105607.0
	191	-0.50	-0.41	9.87	-1887715.9	96428.2
	192	-0.49	-0.40	7.27	-1935190.0	130864.1
	193	-0.49	-0.40	8.30	-1931320.2	114628.7
	194	-0.50	-0.41	9.22	-1909483.8	103198.0
	195	-0.52	-0.42	9.72	-1819308.7	97917.4
	196	-0.49	-0.40	9.53	-1927825.3	99872.7
	197	-0.52	-0.42	9.51	-1824682.6	100076.0
	198	-0.50	-0.41	8.89	-1905372.5	107061.0
	199	-0.50	-0.41	8.18	-1914837.7	116265.1
	200	-0.50	-0.41	9.67	-1913905.4	98385.9
	201	-0.49	-0.40	8.15	-1951313.7	116706.9
	202	-0.48	-0.39	9.16	-1973246.8	103892.0
	203	-0.49	-0.40	9.93	-1931547.7	95765.1
	204	-0.49	-0.40	9.34	-1933856.4	101896.5
	205	-0.49	-0.40	9.94	-1949562.2	95705.0
	206	-0.49	-0.40	8.42	-1929236.6	113039.9
	207	-0.50	-0.41	9.34	-1912239.6	101899.4
	208	-0.50	-0.41	9.49	-1903736.7	100287.9
	209	-0.50	-0.41	7.48	-1915458.4	127242.4
	210	-0.49	-0.40	8.42	-1923475.2	113009.4
	211	-0.50	-0.41	6.25	-1912347.2	152176.6
	212	-0.50	-0.41	9.53	-1885598.2	99856.8
	213	-0.50	-0.41	9.81	-1914548.7	96992.7
	214	-0.54	-0.43	9.48	-1770115.5	100396.3
	215	-0.53	-0.43	9.55	-1809253.9	99575.4
	216	-0.49	-0.40	10.06	-1927563.5	94532.1
	217	-0.52	-0.42	9.87	-1833407.2	96415.6
	218	-0.49	-0.40	9.30	-1937361.5	102299.6
	219	-0.49	-0.40	8.92	-1925004.9	106684.6
	220	-0.50	-0.41	7.70	-1912858.7	123553.4
	221	-0.50	-0.41	9.17	-1908032.3	103706.3
	222	-0.50	-0.41	8.66	-1905784.7	109794.6
	223	-0.49	-0.40	8.66	-1934379.4	109867.7
	224	-0.50	-0.41	10.10	-1891679.8	94209.1
	225	-0.49	-0.40	9.57	-1925265.9	99387.2
	226	-0.50	-0.41	8.34	-1913199.4	114114.0
	227	-0.53	-0.43	9.96	-1809899.5	95539.6
	228	-0.49	-0.40	8.19	-1953581.6	116220.1
	229	-0.50	-0.41	8.96	-1885060.8	106229.4
	230	-0.50	-0.41	9.88	-1909648.2	96305.2
	231	-0.49	-0.40	9.47	-1955399.9	100460.4
	232	-0.53	-0.43	9.97	-1812398.5	95444.9
	233	-0.50	-0.41	6.90	-1916343.1	137988.5
	234	-0.49	-0.40	9.43	-1941216.2	100958.2
	235	-0.52	-0.42	9.44	-1829446.3	100838.2
	236	-0.50	-0.41	9.81	-1886125.6	97007.3
	237	-0.49	-0.40	8.27	-1933218.9	115091.3
	238	-0.51	-0.41	8.50	-1857897.6	112013.0
	239	-0.49	-0.40	8.32	-1929096.3	114429.5
	240	-0.49	-0.40	9.32	-1929417.0	102094.0
	241	-0.49	-0.40	9.84	-1931516.0	96728.8
	242	-0.49	-0.40	9.13	-1960136.4	104238.5
	243	-0.49	-0.40	9.66	-1941093.4	98558.2
	244	-0.49	-0.40	8.35	-1949727.2	113937.7
	245	-0.50	-0.41	8.99	-1910602.9	105910.8
	246	-0.50	-0.41	9.59	-1913988.2	99209.4
	247	-0.56	-0.45	8.46	-1709643.6	112504.9
	248	-0.49	-0.40	10.10	-1937418.6	94241.0
	249	-0.50	-0.41	9.98	-1886066.2	95366.1
	250	-0.50	-0.41	9.66	-1920780.8	98608.1
	251	-0.51	-0.42	9.54	-1868555.3	99760.6
	252	-0.49	-0.40	8.64	-1946003.2	110238.7
	253	-0.49	-0.40	9.37	-1929793.0	101607.2
	254	-0.50	-0.40	10.09	-1922064.2	94343.3
	255	-0.52	-0.42	9.56	-1819066.9	99573.2
	256	-0.50	-0.41	7.40	-1921563.8	128594.1
	257	-0.51	-0.42	10.01	-1866756.6	95110.5
	258	-0.50	-0.41	9.41	-1913696.8	101228.4
	259	-0.50	-0.41	9.34	-1912044.3	101895.3
	260	-0.49	-0.40	8.81	-1960548.4	108017.7
	261	-0.50	-0.41	9.68	-1902713.7	98336.7
	262	-0.50	-0.41	8.68	-1967945.8	113404.5
	263	-0.50	-0.41	10.20	-1978596.7	96459.5
	264	-0.50	-0.41	8.27	-1977125.9	118982.0
	265	-0.50	-0.41	9.50	-1978680.2	103562.4
	266	-0.49	-0.40	8.15	-1999025.0	120793.6
	267	-0.47	-0.38	6.51	-2080950.0	151128.4
	268	-0.50	-0.41	9.61	-1977288.5	102431.0
	269	-0.50	-0.41	10.16	-1980518.4	96877.0
	270	-0.49	-0.40	6.94	-2027401.7	141930.4
	271	-0.49	-0.40	9.26	-2012938.6	106329.0
	272	-0.49	-0.40	5.85	-2009680.0	168687.6
	273	-0.49	-0.40	8.54	-1999566.1	115512.7
	274	-0.49	-0.40	8.90	-2019466.6	110860.1
	275	-0.49	-0.40	10.17	-2012152.6	96924.9
	276	-0.49	-0.40	10.07	-2003339.7	97945.1
	277	-0.49	-0.40	5.60	-1996206.6	176029.5
	278	-0.50	-0.41	9.17	-1989388.9	107599.6
	279	-0.50	-0.41	9.43	-1975050.0	104643.1
	280	-0.50	-0.41	9.28	-1986534.3	106368.4
	281	-0.50	-0.41	8.57	-1983331.8	115127.0
	282	-0.50	-0.41	10.15	-1981658.7	97192.2
	283	-0.50	-0.41	8.24	-1985926.6	119762.0
	284	-0.49	-0.40	10.15	-2006728.0	97248.8
	285	-0.49	-0.40	8.71	-2009433.6	113241.2
	286	-0.56	-0.45	7.61	-1770424.4	129664.4
	287	-0.49	-0.40	9.05	-2000150.0	109033.2
	288	-0.52	-0.42	10.25	-1904811.0	96249.4
	289	-0.50	-0.40	10.23	-1992552.1	96453.5
	290	-0.50	-0.41	10.15	-1982917.2	97204.9
	291	-0.49	-0.40	8.88	-2009928.9	111128.8
	292	-0.49	-0.40	10.06	-1996644.8	98079.1
	293	-0.50	-0.41	9.49	-1985574.9	103913.2
	294	-0.53	-0.43	10.26	-1876221.1	96150.0
	295	-0.50	-0.41	9.15	-1985818.7	107797.9
	296	-0.49	-0.40	9.21	-1996406.4	107174.1
	297	-0.50	-0.41	8.95	-1987686.9	110201.8
	298	-0.49	-0.40	8.57	-2016287.2	115180.5
	299	-0.50	-0.40	10.17	-1990373.5	96979.8
